$ANSIBLE_VAULT;1.1;AES256
32313364626363653333353562363262373261616231643335623830306630626565616536666366
3839616266363762303631386230646231666133363534370a333937313162333531663633303764
62326133346363643337613064616435613962336366616635316438663130666237616330346461
3335663535343039630a303262666464323431656130623664626233623238353830366536373538
39363036623335316364366638343134353362343331323230646231343330636661383033626532
37353432373238333464633962323835363332633537306666653161616363646533313639643837
39636462353434633230653830343230303039396563663762373864313039316234313937353962
34663662656138613733373230643263383063376136646261656637643239326536383238643937
63353866303134393635353263373766393866353830666163613035343530623834316632353831
35656266393532316464386365643162303061343062613439363038366462616334373164376630
64623166666566613162353863393331633039383031653437383064356264343861623630323037
34373034363865353035303665623164386236366431346262643735666136303861383639333064
66656564613834616137366365343631646234386536383232386263386138636563353437626565
63623261326565323533343937346361653133373765303834613736366364653064363666616337
34383863343266326134383061616665373930373230323138383839656135633863316334363162
62623034353563653531656161646633613862366363613030336161363230346261643238626662
65333934346336326461366333346632316130363832666638303863363239643534383035343230
34383863656332316631633763363734656166363462616335653365653733326637363439663863
62353335653138663235386138626135643063633731626438333237373562303134343439636135
37343631636633373631313034383332616530303934313736396462343333376563623030323635
35333038653362353737323230373962343639393961616163306164363363316230343735383565
61343335623932373762363337643463643064383563313363366665376331326262396239363336
30393663366534623133303531663736303330646336333861393461633163616463643566646432
30336166613265343465393637646666633632636665363764653962323461396431666163643031
39323965303531643332336436626437633164636265323136306538356562313266636364383534
32633636303839653539396565376635643430383233313038326636396531366265336236343838
34303538356462346330663462616632353061386438653262343439396363643065323265613633
33313439346430316336623930313163313966626332666264353432323066623236326438303932
32663063336133346630343461616134643663346561666366313837626230363463386561656635
33333931363233656232353334336632313065626436343465376464666137636531656436373830
34613439316438343364363762313337313163366464663036383961636432393862313233613939
32636132613338313663346330643131393261333132356638653865386662396134653538643831
64653938666166366664383130343039343634313061376534373936356461663733633637623761
65333830666636383638363239363936363762393964383331613262646635353736356531663739
36313461313939656165393838346464643035343565663065396232383335303438343231346163
34306261343066303861663166633661313165656234613033363864663264613735613965343364
30346436663962663161373866326430653830333965633931353363366535373432653865623966
34376430383965376465303534376437653330306237656434346130373034343063616234386662
32383966653062353065353161363538316635333563396233383936623663353161346639656430
66653161386239306135656236643239633061663036616663636236343564653062393236613132
66363266356230353533613964353663366236343332656661303862326433663835363461643339
33643436663766313963396461623964646438666264623934303064333238663836333233636365
32653733336165666336613662343465643566353636666466383962376437366361623861383265
34386432313132653163626637373663626536373132323461643463393231383232376464323765
39643537356134323337623730343530316336613065373738306261333034653934646263626432
62313061623534366232616236383035613666393832656335316338636362353337396235316266
38323938323666353530636636323362376365613466366634363631373864646334333762393032
34626439363263386465373662343762643630643633633265363361393335663531333263313135
62376137376634646638393362336164643163396539666330363463666663633338356530313237
39323938653137373566663662386432373835366431313530633461333266333435613465623261
63663830666231643265616632333431313762396132376366663938326665373332343263663364
32363465313639626261323663666330303830366537643365633036343636336563643533353536
63393632653435636561643034623732336335343630353939636634646139393764366236313863
63633033396466376162396639653332623764633164613966633839613362623564383437663534
34613831366364396161353662316362616163323762623164343862343265393863663533353436
62616635316634656137613663306333383766623434363166353331396434333830373532396666
65626537633430653163663133323836616361326634383931343934353661383761656230633137
30653930386230396130646132663635653735303136613765633663303531303438653964363038
63653665313039656661616538653136353263306431653466623435336439643364383237636463
62666230326262336236336637663566313563343065653361666634356266623465346630653264
33613933623532363231323366646535336635386639363235666136373932653533326564326130
66386462353032353761646538313937373963346661303866363962333439616231333330373766
62363161333065636331326662316532346239663933633562383237663663306336333930663736
34623562316663316662323830303561303138616531373132336431613237663765383934336365
34623639383631366662393133393165353132373530663432333165306664366663313534666364
31656665326236646539383730356638326134613637616366646630646665646435396539636233
30323935313936383963646431303835633462383365363262313037613836373034323230633536
38663930363636643231366538656637626133636534323039626531633661393662363532346435
34623538346333666634386136303166313434613961623365363534363238383232366662346233
37346131386361373934313135313831346335386336333737363736663832613334643338623636
35666464616537613833343337333431303032333031356636393764613136353034386335333330
39653639376339383165303037306639366664623364396133656461393632343830363132306530
63663763643363393465363530663965393531363462653162323032616231396664303431376233
36376334613665643630646135633862333565393338386465353461313334356430613866353735
31393161353063636439653437613164643061386537343531376161663831373637626534613762
38363938383066653131613539393463313336666365386162623861343763323661643837366339
32636236313233323337616134643762313363623931653763323261316166376536383965383866
64636232323263393638393833373837356632383964386364643031356339373537636439633438
63343830666563346264633466376634663833376162626238313934643134383330323565366361
39306433393132313732626665613965613761313239303464383266306665363933353336366166
64386337643562383235376330613537383130633335306138653233323233643462356138323832
36663037393430396637656266343939666163653437663866326133623335643165303432646565
33333332333733633636323839363533343935613066323333636437643861336135356163623662
64383666363862323562313366366165663337306532616666623465396536636165646234306531
61353838616438396636313336393235346137393634396132646231623631613532316165353463
33373734396635353133386530613434646533663739656131626166353238626366393965613466
61663164633266653935353233356134633035393065393730353136373936643261393365303739
36356638663665646331666139656366376230396638323464643965643131633363626435663166
63356130326531353833353163613030643431383239363263663439356331656263383934633835
61373963623137356635303964626630336130333632353363613138333430643433343262353433
31643933353465383131323738376637356135363438633963353436373464626233366232363835
37326466653235333435373164626430643033346538353638656336633366346133313066666137
64333037376666393266653261623265336630373565306234636664336362386332363731336262
34303535653731643362376234346165356266613535376232653034313535616566666462343734
33396364636337656636393639616265396564363937633461613534393133366131323732323963
34643963303533356239353264663861646335633339616565366638633666343537613463663032
62323764396434323439373836666136653862303863343836346531366437323830333235346530
32666461616230303331623766373838333935323566633530356535393035346665623365666332
35616262643633393364633963616634366263643463646136386633386265393535613866666135
63633035623536316664613665386361653739613363613766313637326566653233373165316338
62326163646438646536623930633039333965626363656334626633653230326137313934383362
34393661303463353633366134636530666132306631333137313964366365393236316335333861
39333264636534613432613465373261666639656663663364663265346564303639383435313932
64653535613365396633613334316465633333353864363465626637373163623134643036636663
33653262353636666262313032366437363339643065653433373163353638313462373461393138
34393839363464373161333433323434633836353239653266353038653337313163623961366565
66376632313461313738666234343066613135616430613432613332656662366135646666336335
62643964363963393865353638343433303933663538343664346463333364613531366334333832
34636661306433633839366165663030386530366261393331303831373961616537343531386363
35373631646239636265343161366433326633363035366365336533666137393935313130306661
61316664646334633261613430383564633866356333376361386330363263363234383739393565
61373466633961633430353433656162386663343233666463653362613830643738656632393763
37663439663566633031663431343333346136373133316234396639386633343034316334663435
36663031306234626539353066323932356365313638613439303363623165323465613233383363
32316533646533373030636262393437303834346433313263366532623336343033623136393564
38626334353366313566393663616465666433643930613435363036346264363034316336643466
31613934316337663661653232386438613064666135366431636631343532383230393432336432
34376563366562313130323430316434353836383066313433613562366566613063616339376333
63363834316661316630313538613735336666366339316366353638636262643763323231623334
61623738623062303938656639643638366663653932363236333231353532383432616535353463
31653866633766313532366566653536306564613739656339383731656264386664373730316637
33396439383863656338666234666532346163373433363631663236373330356132643530363836
38313263366661373532376635643130633035303162393236306133353462643261373635643335
31623162373532383465393162373333363066323234666434383738363732643238316664383830
62663934623130323265623463336530663738363933383466653832393863663230346461313439
66616261353438313366643862313963323231336133323566396464396136336139386337626166
36343536323337396631346465613862346335663039633733393363336264623432643235643164
33326237343834373039643662396239343233633466313461613864326339386238353536643866
32313132643337626330653038316639646436393539666336613661373235303134643633356664
39303061303832313232316638343439383431616136313335353766636635393264636135353266
65373439376434356261316330373531323930643033396262333031613165343831613466306534
31353930633134346537356633623635613835333862306639386262643161633233646539353433
39343030616337633134323664356139326537333135646239373064336463343039663961653432
30643136393664393734323062303633366464303131353231343232323736613465333734656362
65663033393066643664643331643337333136313865336338393036313138386164323766396536
66333462616536383530
